What is the role of PrnP in mad cow disease?	10364247	10466827	10573173	10580067	10580068	10799482	10811947	10922352	10967124	10970892	10993947	11030742	11038396	11053411	11060296	11069909	11086143	11095696	11125179	11152454	11152682	11161287	11274195	11278343	11278562	11279046	11562524	11562525	11698243	11724899	11733532	11752724	11792707	11842264	11842266	11967272	11994310	12077115	12093821	12138171	12237445	12237446	12356762	12388826	12431994	12454014	12466498	12500977	12502750	12519913	12551897	12637572	12655107	12655108	12676939	12692301	12759373	12773477	12847134	12871988	12917481	14573822	14573823	14634010	14711812	14736880	15026410	15084583	15123682	15126640	15131108	15133046	15133048	15145944	15155741	15159455	15166464	15166465	15218028	15247213	15247220	15269389	15269390	15302967	15310752	15371425	15385582	15448157	15448379	15448380	15483263	15483264	15483266	15483267	15494372	15528202	15546860	15557253	15557254	15604452	15604453	15618225	15668247	15722546	15722547	15722548	15722549	15722550	15753097	15784917	15824101	15831971	15917229	15917252	16009961	16055457	16099922	16099923	16120605	16141216	16157591	16219680	16254249	16298990	7592679	7642588	7852415	8530433	8995224	8995353	9045652	9111077	9182546	9261166	9300662	9452472	9473220	9867801	10501510	10544219	10837335	10858456	10952979	10954699	11087738	11160898	11458009	11756421	11842265	11882649	11932450	11961279	11967261	12082114	12093820	12130636	12200435	12351519	12356908	12488368	12637548	12663673	12759361	12773476	12814912	12847133	12925711	14593100	14711834	14754888	14754889	14761942	14769911	15031285	15105552	15140886	15173173	15178688	15210691	15218196	15342797	15465809	15467011	15483265	15557218	15604451	15632159	15684434	15987701	16055747	7642585	7782345	8576163	8647879	9565627	9582363	9867802	9872986
What is the role of IDE in Alzheimer's disease	14764623	10973971	12941771	15944156	15749695	15277398	12566388	14559775	16154999	15367492	11278416	11809755	14752113	15615772	11042190	15322125	15331662	14718371	15100223	15347685	11337485	15699049	12105192	15642747	16027115	16162502	11823454	14722160
What is the role of MMS2 in cancer?	9705497	12431996	16129784	11408341	11830600	11752188	15180941	15831570	15483271	14578164
What is the role of APC (adenomatous polyposis coli) in colon cancer?	14525778	10722668	12663519	16288100	11062151	11323404	15456841	15215241	15375009	15190067	12082030	11257105	15358764	15355978	12419824	14679305	12813173	15194558	15930030	11285204	11375892	9705287	14688030	12058019	10753194	10545404	11279192	10783317	10347231	10734097	15548520	12727791	15840612	12151357	10334197	10572192	11157977	15358723	10908361	12077367	10223208	9015311	12807742	12584179	16247021	12915454	11309440	10433623	9382877	15561772	12045208	10491393	15894538	10811817	10874025	14976131	11756228	15946945	12651860	15927956	11052981	10995807	10688867	10449536	16188939	13130079	11257102	7890674	14660542	9024698	11940574	15790758	11564752	9024214	9211858	11160886	10190547	15331612	10600809	12393807	12584170	15821121	15967793	12538355	9435542	11923210	12016117	9467011	12538353	12015290	14662741	10069468	12075734	10469614	15459021	10357789	11756241	11734538	12050199	11854387	9880534	11756224	10203282	11257100	10037099	11181456	10896949	10837006	10359544	15059925	14688025	12663492	10383901	12419761	10874009	9399850	11001924	15016655	12200448	10409103	10330400	14617634	10884377	10075740	11756242	10906131	11880472	10223192	9556553	10801778	11751871	15550389	15141037	15716339	10357794	12507936	11535705	15304487	10964108	10506107	15563452	10660608	11897616	12807720	11470825	8626604	11266540	9348288	10841827	10841815	11980918	10506108	15579483	15888491	10223193	12176738	15292388	11181453	11912186	12615961	11149923	10816572	10491423	11181454	9268294	9030594
What is the role of Nurr-77 in Parkinson's disease?	15016657	12040002	12082103	12709428	12130634	15716272	16207717
How do Cathepsin D (CTSD) and apolipoprotein E (ApoE) interactions contribute to Alzheimer's disease?	9700208	15258178	9516475	15003956	9302273	9328480	11709540	11005793	12867662	15452128
What is the role of Transforming growth factor-beta1 (TGF-beta1) in cerebral amyloid angiopathy (CAA)?	12626500	15632190	14709545	15987691	11823454	11003593	15781474	15034149
How does nucleoside diphosphate kinase (NM23) contribute to tumor progression?	10875256	7768941	9188446	10910925	15928304	10952986	14960567	14561754	12756286	9685345	12490715	15181008	10552965	7665595	11222361	15247270	9488696	14504294	9490665	11796500	9038158	12145286	15026478	15870434	15142881	12766184	7499321	11919189	11694515	11742005	15133033	10433618	10451432	10358052	12105213	11058615	12644569	10451444	9169432	9593706	15169771	9252347	15888727	15870426	10655433	16106028	9177361	11904313	9006893	15498789	12554778	12515726	11561002	12829743	11115842	11562390
How does BARD1 regulate BRCA1 activity?	15833741	11278247	11925436	12431996	15184379	15632137	12700228	14976165	15886201	15087457	14871887	15166217	15872055	15159397	15811849	11927591	15569676	14638690	11773071	10026184	15466891	9425226	14610072	15547178	9832560	15855157	10938285	15454491	12670957	9525870	11707511	10884389	15659578	15385441	11504763	16079148	15591324	10945975	11673408	10764811	15964842	12582233	10722742
How does APC (adenomatous polyposis coli) protein affect actin assembly	11157977	15673685	15190077	15890984	10871283	16157700	14576344	11923210	14662741	9024698	9182672	11698244	15699215	11402061	12058019	14679305	12432063	15456841	9049250	15375009	11171572	11257105	10491393	15138293	15001424	9139698	15294912	16188939	9624153	12235124	12419824	15459096	14976131	14660579	15561772	10681393	15525667	12584256	12727791	15492045	12077367	12235125	11756228	14630927	11312273	15471898	11564752	12034775	15930030	11029295	15381698	10026156	11834740	15190067	9199178	9362521	9950951	11266476	9971746	9642258	16129788	11950877	16247022	10629228
How does COP2 contribute to CFTR export from the endoplasmic reticulum?	15479737	11799116	12538638	15713669
How does Nurr-77 delete T cells before they migrate to the spleen or lymph nodes and how does this impact autoimmunity?	15016657	12376465	10567637	12782711	9034151	9079686	15625237	16051664	15731112	15466594	15738054	9322922	16219868	15385570	12709433	15871945	15964844	15494375	12709428	15623513	12900523	14769794	15673686	9564841	13679393	10429671	10037816	11416027	11792813	9858508	15364908	10196203	16186188	10825153
How does p53 affect apoptosis?	12468545	12540848	10821866	9417035	9148891	12223359	11159757	11375889	16118209	11880355	14766674	16014563	9242687	15557088	15888490	9373250	12972501	10069459	15375156	10590213	10980197	15687103	11058590	11013253	15315938	15169778	10696782	10982799	12514180	11821411	14578369	15753095	14602726	16087678	9108419	12637545	11038369	9841917	15016801	9794481	12091386	10814675	11013229	12370243	10328106	9582339	11827957	12135983	12048219	11292609	12050146	15326223	9852160	10764786	12393587	12538351	16148012	12082025	11328883	15371445	15039530	12107071	12724314	10688869	11053449	12807754	11053443	15310756	12686631	9923856	15671037	12799451	10085066	15843377	15142883	11005771	10747965	12796033	10329733	11278647	12151629	15851479	16091363	11181451	10075703	10794672	12642502	14660608	11159535	15613472	10777477	15169835	11960909	10329737	12554679	10037099	16002406	15262986	12189181	12514185	14600272	11502552	10747924	9834241	10419905	12531896	15064348	11238001	10218984	12384474	15107491	10339463	11832348	10988287	10413422	11071927	11159944	11792886	11435310	10339505	15855171	10075736	15564288	11884414	12372761	14739302	12097319	15375012	15661746	11532854	14576353	10906133	15331571	15178678	9478957	11912183	14576150	10958792	12514174	14665630	12562647	15705792	11960904	11050087	12571275	9092556	11839765	11035041	15561702	15465851	11994542	10744705	10484441	10318779	12176791	15284248	14555612	9020141	14623946	11972337	10840029	12124469	10978315	10644742	15102863	15033902	11668189	10942736	11844800	12700406	12560513	16275757	14581477	14990579	15364927	14576343	10706876	15355990	15591064	11673474	9006915	15205365	10426782	10891461	11591730	11278333	10993916	15673686	14602923	15805425	14701837	10196169	12424231	11779855	12161427	10753186	15598651	12556448	12609999	14602918	11159755	11748232	9020192	11502601	12163468	11714700	16333030	11896287	14660655	15738001	10922372	11331615	14612455	11468183	11729185	10357786	11054421	10469629	10347180	11576999	9182545	15601750	15299040	11704535	11285192	12855557	12427762	14993511	10644554	11679586	14627695	12531793	16118324	10984493
How do alpha7 nicotinic receptor subunits affect ethanol metabolism?
How does BRCA1 ubiquitinating activity contribute to cancer?	11278247	11927591	11925436	14976165	15184379	15886201	11691919	11818503	11673408	11707511	12431996	16051739	15917310	14638690	15166217	15569676	9832560	8872468	15385441
How does L2 interact with L1 to form HPV11 viral capsids?	9469843	11312251	10026203	12560332	12533712	15302958	11602792	12771418	14559874	11535707	11181775	15831940	15319446	10501503	12867639	11714977	14760108	10811945	11181763
How does Sec61-mediated CFTR degradation contribute to cystic fibrosis?	10725333	15483315	11054417	10644560	10601334	11877404	16166089	10831608	12432081	12538638	10570223
How do Bop-Pes interactions affect cell growth?	16043514	12690111
How do interactions between insulin-like GFs and the insulin receptor affect skin biology?	11423485	11181540	11897712
How do interactions between HNF4 and COUP-TF1 suppress liver function?	11222753	9886825	16100117	15928313	7896852	8626539	9658405	9139807	16051671	10330009	9717844	9731707
How do Ret-GDNF interactions affect liver development?
How do mutations in the Huntingtin gene affect Huntington's disease?	12354780	11912178	9606203	11035034	10196373	10196365	15358735	14962977	12913073	11733534	9811930	12783847	12466534	11971876	9887328	15983033	15590702	12058016	11285271	14557250	11739372	15829505	15843398	15163634	16207717	12021262	10958656	11889126	16204350	9565627	15689617	12393793	8824873	12165559	10801775	11870213	15968004	14981075	16286508	12554681	12812983	9536082	16186256	9079622	12165554	11709539	11319238	11152661	14627700	9668110	11406606	12217951	12200414	11030759	14504263	15548548	16009727	10655548	16027218	10764738	11092762	11689489	12458211	12165557	14625278	8842726	9536081	12700167	16183657	12097329	10441347	10196370	11352944	8845840	12598532	9466992	16091361	9536080	10699173	9158152	12952868	10441327	10767309	11971872	16115812	16155008	9285789	9361024	11532990	15911879	15494404	15879436	11468270	12226089	16192271	11278258	9499423	11406612	11092756	9700187	10970892	15226389	8817338	12384601	15689354	12165556	10369868	12456676	8872471	12171927	12118078	11782460	11532992	10814708	15757972	12588797	15198993	11331615	10915763	12042281	15809304	10332031	8968738	15824100	12490527	15190011	9931325	10942430	12354791	14709594	11971878	9147654	11978769	9852144	15240551	9949199	12952864	9763419	14670946	9679147	12189162	9700202	14982954	15677486	11092755	15525658	15827087	7559451	12551928	10958659	11092757	15367583	11152658	12165555	16085648	14602712	15750008	12915444	11978772	10332026	14645203	9575137	16051598	9384612	15649949	15664989	12161426	12165558	12925571	10556293	10636923	12490531	15970586	12620967	15528196	9677376	8789437	15888475	10767314	10441328	12651867	15155855	11102441	9300654	16087704	11278395	9616134	12217956	11152662	15494455	14742338	12105200	8968739	9580659	15459079	12091393	11063736	10587588	12615961	12771217	15757976	9328478	8872464	10767343	15198995	8733127	15845535	12915461	9668171	15661755	10655554	10556285	15585578	16115810	9535906	15533940	15671022	9580663	15115766	15102712
How do  mutations in Sonic Hedgehog genes affect developmental disorders?	15358733	10441331	9302262	10556296	15292211	10789320	10888597	10753901	9811926	9215678	9735382	14662654	13129844	10330024	11566855	11285244	12183386	9302279	9536085	16049113	15269168	14615296	15689378	16244320	15983404	15358727	12499390	15358729	15371303	15151988	16207750	12082161	12668593	10607827	15705856	15358738	10767315	15105374	12397106	14532329	15843416	9300657	16155111	11493558	12117807	11257109	16203740	15539481	12812989	12588855	11290504	16020517	14612457	16155214	15930102	15367491	15623804	11724907	10075717	11964399	15319325	15788455	14555646	12070084	12163415	12917290	12538521	11684660	12163410	12668638	10814720	16291637	12913075	12620982	10498270
How do  mutations in the NM23 gene affect tracheal development?	9038158	15928304	7665595	14976202	12105213	15026478	11694515	10952986	9169432	12829743	12466193	14681183	14597571	15269170	12930776	11532922
How do  mutations in the Pes gene affect cell growth?	11071894	16043514
How do  mutations in the hypocretin receptor 2 gene affect narcolepsy?	11842076	12419707	10767319	11809725	15829503	11796702	11878678	15310763	15525658	11854267	11978759	16160021	11147774
How do  mutations in the Presenilin-1 gene affect Alzheimer's disease?	15087467	12566388	10401002	10652366	10318786	9013610	11104755	12198112	12032140	14625299	11943765	9252383	9384602	10607841	16103124	11823322	15814613	10818098	11084029	9334350	12493737	12668626	12808018	10369872	10491396	15184387	11116137	12684521	10748144	11983644	14506131	10655540	9115271	9110991	10617607	11001931	15220354	11278424	12121968	9575200	15115757	10953012	10811821	9169406	11076969	10026204	15294909	15797863	11487570	9302276	15128703	15322084	15367492	11136203	10092619	10366599	15003956	15843437	11315233	11005793	11709540	11799129	12668610	10748035	11134059	11279122	10806211	16014629	11978763	9065468	12119298	12586838	10525535	12556527	10748169	11063718	8817335	16079160	14976159	9536100	15456764	15254013	9694871	9139713	11315226	11042199	9593752	10652302	15247291	10846187	15764596	11983636	9452432	9285791	15280425	16079288	15749695	10942770	12615961	11013232	15615772	10075646	15345711	10469843	14645205	10764737	11406613	11031265	11035007	15347684	15123598	11309365	11847232	11266469	11278803	10767319	11283011	11331298	15613480	11010978	15615705	9585420	12522139	10508860	9575187	16103127	16141195	14754988	12930775	10915801	15123653	12639958	12093789	11756438	9931331	10092585	14627703	11278808	9328472	11861655	12490529	12435726	9685356	10755053	11278378	9813097	15031292	12493731	12668609	10789317	12556443	10037741	15163631	15886206	14576165	15371443	15905180	15591316	15623526	14766758	12730216	11581107	12147673	9811931	12621027	11912199	15210705	12814914	9245794	14754886	12431992	15569674	11724784	10469740	11278679	10764800	14559775	11679584	15358735	10899157	15528204	10856300	11278337	15388584	12684519	15644323	12952904	15322109	15123735	14996933	11085995	11744687
How do  mutations in familial hemiplegic migraine type 1 (FHM1) gene affect calcium ion influx in hippocampal neurons?	15795222	15448138	15743764
